8301
 7203
 9440
 9049
 3976
 4315
 9915
  565
 3203
  753
 5238
 5051
 1022
 8782
 8021
 7558
 7989
 2183
   40
 1164
 6426
 8966
 7345
 8540
 8818
 8606
 8684
  127
 8949
 9230
 3890
 4437
 9041
 9549
 1457
 9765
 7538
 1162
 4724
 8581
 8944
 3655
 5381
 6139
 6619
 7273
 6417
 2500
  140
 1530
 9362
 6883
 8623
 8483
 8962
  138
 3036
 2970
 2049
 1561
 6534
 7188
 9343
  357
 3415
 6993
 4153
 3994
 1962
 2383
 9054
 6357
 3303
 7342
 1745
  318
 2163
 3932
 6750
 6969
 6130
 5447
 6280
 3300
 8779
 4346
 4828
 9538
  360
 8034
 9216
  959
 6245
 9385
 9766
 3164
 6950
  800
 9902
 1872
 1993
 7487
  513
  214
   29
 6438
 4417
 6214
 7491
 7800
  219
 6105
 6830
 8678
 5124
 1767
 3482
 2260
 6726
  707
 4305
 9330
  492
 4485
 3507
 9684
 9363
 7934
 3678
 8007
 6327
 7512
  125
 3650
 4119
 5543
 9716
 1796
 5927
 5060
  799
 8456
 2768
 4684
 3850
 8612
 5644
 3106
 9611
 4008
 3100
 6010
 3331
 1612
 1536
 9673
 1716
 7421
 8755
 6402
 7158
 6264
 4709
 4384
 6051
 9347
 3109
 4741
 6295
 5249
 7339
 9910
 4462
  890
 2910
  454
 8027
 8276
 2161
 6899
 3748
 9229
 9112
 2834
 8692
 8319
 8376
 5135
 8917
 4733
 9594
 4559
  218
 7407
 5915
 7756
 4611
 7828
 4144
 1847
 3381
 4986
 4866
 6223
  506
 1990
 9150
 2233
 5191
 1394
  580
 9407
 5708
 3218
 1996
 4658
  316
 7395
 6834
 1084
 1288
 1712
 4081
 4029
 6521
 2948
 1616
 7650
 9414
 2005
  208
 5707
 6421
 5446
 3051
 6078
 2839
   73
 7737
 7600
 4855
 4033
  678
 8580
 4818
 8585
 5734
 1173
 8024
 2537
 2019
 1387
 3059
 3425
 8886
 4176
 9725
 4246
 5797
 1264
 3002
 2741
  314
 1039
  561
 5434
 1248
 9266
 1555
 6229
 9828
 6405
 3704
 3770
 6282
 5928
 9964
  551
  148
 1420
 9463
 4791
 5752
 9384
 5357
 2793
 8724
 8458
  995
 4359
 5312
 1595
 1768
 8519
 8306
 4956
 4457
  849
 3902
 9772
 2399
 9633
 6418
 7964
  433
 3972
  158
 7367
 7565
 7377
 8899
 3401
  106
 6965
  642
 6049
 1763
 2855
 8547
 1216
 3358
 6333
 2482
 4248
 6384
 5166
 8751
 7563
 2790
 9784
 5638
 6040
 7333
 9080
 7627
 2681
 2651
 9608
 1460
 2166
 9301
 1572
 9636
 5715
 5871
 2179
 7609
 6939
 7648
 4669
 2928
 4124
 8988
  109
 2504
 8505
 8280
 9891
 9375
 7770
 5800
 4140
  988
 6617
 4487
  527
  167
 1870
 4781
 7897
 9361
 3347
 1604
 4735
 6769
 1450
 4332
 2277
 3269
 1032
 6004
 2320
 4048
 9419
 7388
 6887
 2843
 1271
 1940
 2280
 5177
 6681
 4771
 1989
 1613
 3454
 7971
 7884
 6454
 4000
 7201
 5336
 8793
 6027
 6089
 8009
 8247
 5670
 6913
 8901
 6077
 1978
 2194
 8629
 5858
 7644
 1168
 8348
  598
 6576
 4547
 7082
 9274
 3817
 3468
 4295
 2138
 2985
 4211
 1114
 6991
 8781
 9315
 3826
 6351
 9512
 3257
 2780
 8044
 9047
 9457
 6571
 8586
 3416
 7530
 1375
 1340
 9776
 2191
 7450
 7093
 4937
 9444
 9509
 9541
 5630
 2139
 2321
 7757
 9543
 8543
 2493
 8440
  845
 1468
 1251
   46
 5786
 9200
 4904
 8039
 6455
  636
 1670
 7735
  142
 6380
 6944
 5953
 4360
 8432
  868
 1294
 4078
 6984
 7998
 9001
 5889
 4854
  916
 9934
 7351
 8504
 1220
 3336
 7656
 8703
 3645
  377
 9835
 8854
 6679
 5063
 9018
 6279
  785
 9695
 6974
 1747
 8426
 2586
 6997
 7976
 1148
 1015
 4214
 3904
 6813
  679
 5593
 3177
 2890
 4585
 3420
 7607
 4776
 5088
 7018
 1002
 2647
 2141
 2212
 9903
 8482
 4353
 4086
 4824
 6097
 7706
 7700
 6115
 2613
 5504
 4746
 9927
 6491
 7323
 6025
 4714
 5641
 6487
 9590
 3705
 8894
  682
 6884
 1297
  691
 1463
 9918
 2033
 1911
 9687
 5530
 5323
 3083
 7967
 5164
 3296
 8907
 7064
 8072
 8947
 8412
 7654
 8211
 5875
 4860
 5677
 8243
 1217
 7458
 3801
 8817
 5128
 2029
 4892
 2048
 4146
 3432
 2742
 7332
 7911
 1124
 5661
 2088
 7585
 5760
  942
 5172
 9981
 8509
 4664
 7815
 4158
 5281
 3848
 3394
 7878
 6816
  630
 5340
 4028
  336
 6610
 7293
   89
 5870
 6810
 7124
 1999
 4695
 5649
 6856
  666
 8246
 7466
 2800
 3327
 2856
 7796
 1442
 6247
 3521
 6365
 5280
 2697
  828
 6677
 6037
 6087
 7337
 3707
  820
 1120
 3553
 4193
 9579
 2947
 4249
 7725
 9055
 1356
 7311
 1520
  143
 1856
 3182
 4817
 8470
 8085
  448
 5034
 5618
 2078
 6903
 7379
 4290
 8056
 8492
 5468
 2858
 5909
 7909
  833
 1778
 5469
 8789
 3944
 6403
 8421
 4288
 6323
 5267
 8752
 9147
 8344
 3290
 9498
 3042
   49
 5914
 8486
 3691
 6634
 4949
 6198
 4966
 4492
 9281
 3009
 3518
 6422
 6393
  482
 9226
 1965
 9219
 4477
  184
  742
 6111
 9632
 8341
  934
 6427
 1656
 4239
 9919
 2340
 2538
 4946
 9395
 5867
 7247
 5203
 2055
 3293
 5199
 6568
 2133
 7994
 2457
 9394
 2765
 4424
 4899
 6925
 3239
  512
 8919
 4238
 5295
 4897
 9623
 8284
 9019
 3341
 3180
 2324
 3235
  669
 1540
 2664
 5195
 3654
 6293
  947
 6721
 3514
 6296
 6088
 5154
 5614
 1427
 9075
 4163
 5977
 2465
 6376
 7916
 6516
 9531
 6858
 2406
 5720
 2568
 -5
 123
 132