919
337
607
560
30
271
66
169
638
884
894
89
768
212
497
999
143
851
661
960
133
59
576
501
967
305
875
655
943
708
615
390
156
381
700
551
760
694
17
873
721
736
479
559
281
680
431
590
326
971
319
531
347
216
974
579
916
462
684
137
395
279
543
959
142
430
168
805
94
869
975
196
948
898
504
886
928
630
159
756
918
523
769
779
374
421
847
987
716
42
895
857
545
909
104
970
163
298
22
774
208
720
100
599
963
181
327
611
834
668
859
350
519
202
878
76
322
821
455
272
224
942
618
679
587
819
586
334
412
941
276
4
259
957
619
799
90
408
450
364
770
923
209
67
992
631
135
789
382
317
9
265
977
879
835
931
45
493
49
530
666
373
697
604
614
467
856
397
871
112
540
68
472
491
934
53
584
449
536
36
673
211
793
232
273
311
901
439
490
407
640
783
75
43
508
413
838
817
126
608
937
157
393
482
294
114
955
122
621
532
461
429
285
568
475
355
810
606
469
385
97
400
448
645
637
205
627
664
105
573
575
161
471
318
2
7
150
484
815
795
357
437
676
194
299
681
342
465
710
723
911
255
712
236
534
951
742
40
670
521
748
55
812
13
248
828
151
344
802
153
786
639
814
788
968
897
539
707
458
237
253
302
976
145
601
629
130
362
596
351
525
206
60
506
980
546
853
972
872
414
837
653
37
529
292
715
275
438
984
300
781
658
306
592
741
932
417
626
453
11
978
489
183
12
388
473
792
548
496
765
903
445
682
609
842
247
478
336
310
498
610
18
464
287
349
26
787
38
657
632
323
564
848
487
91
927
836
433
257
831
64
83
883
553
201
685
790
861
567
171
332
111
215
1
507
244
752
839
605
860
31
424
969
359
278
116
34
85
820
622
241
231
297
423
816
234
887
404
203
552
65
466
920
528
613
900
25
16
625
123
58
776
370
754
832
223
686
193
77
514
328
858
108
222
394
295
162
993
565
152
675
54
52
177
966
785
61
647
269
138
14
106
598
524
634
214
827
136
173
199
477
48
796
617
282
512
160
636
149
33
947
738
713
648
144
823
325
69
687
557
398
864
468
312
729
662
440
656
5
335
283
672
737
597
674
186
451
892
251
910
589
734
954
764
917
267
129
172
155
500
321
483
139
324
35
207
376
997
148
773
480
291
81
696
19
677
192
375
109
463
578
410
256
141
950
219
240
84
733
235
432
485
353
956
62
583
981
612
651
600
140
726
402
346
961
924
703
176
293
854
830
718
459
986
258
10
158
771
418
399
753
595
665
945
635
735
704
238
488
411
689
515
118
852
345
766
24
99
526
86
991
719
542
683
217
717
946
29
732
174
808
331
254
343
652
289
369
121
616
454
32
728
566
474
288
755
446
339
926
863
442
826
891
63
348
750
221
865
688
938
811
486
304
654
352
119
964
995
646
767
79
102
866
8
28
520
226
691
739
147
372
218
649
387
360
549
985
184
904
131
538
422
39
264
3
784
555
824
775
73
476
115
561
761
363
71
166
843
641
874
804
420
952
165
921
782
936
550
908
807
730
699
56
27
588
574
509
95
906
577
243
556
405
277
44
510
6
470
239
98
330
198
23
368
107
274
912
990
570
228
806
286
882
117
460
434
642
101
650
110
356
982
72
527
213
833
220
725
371
889
693
389
284
628
516
701
303
230
41
663
329
623
233
803
705
46
544
93
724
380
988
268
21
794
850
74
261
633
890
358
82
252
905
290
758
813
379
678
581
502
940
456
709
695
844
747
307
907
876
419
270
572
333
225
979
778
690
800
594
134
245
933
939
80
87
96
798
426
280
899
818
582
994
384
989
103
825
791
517
124
749
671
659
867
593
409
361
846
320
494
401
249
888
522
88
246
191
669
70
537
178
643
915
167
263
316
396
266
893
78
547
436
492
757
392
242
435
644
714
727
146
428
962
367
511
759
929
563
15
913
841
585
443
533
746
541
558
341
175
505
711
260
949
603
50
702
416
315
751
481
128
996
762
965
877
120
562
855
188
378
591
809
580
57
763
132
822
92
745
204
667
829
569
660
777
415
182
925
983
868
780
922
499
772
190
113
722
180
354
200
340
127
740
692
391
503
365
170
164
513
262
179
958
953
441
187
930
296
427
386
403
189
51
944
881
195
698
624
185
197
447
20
457
47
935
444
801
744
743
406
731
308
338
495
154
896
849
840
227
620
377
797
554
571
301
425
366
210
518
1000
250
914
309
452
998
314
383
229
902
880
313
885
862
706
535
602
845
973
870
125
